/*--------------------------------*- C++ -*----------------------------------*\
  =========                 |
  \\      /  F ield         | OpenFOAM: The Open Source CFD Toolbox
   \\    /   O peration     | Website:  https://openfoam.org
    \\  /    A nd           | Version:  10
     \\/     M anipulation  |
\*---------------------------------------------------------------------------*/
FoamFile
{
    format      ascii;
    class       faceList;
    location    "constant/polyMesh";
    object      faces;
}
// * * * * * * * * * * * * * * * * * * * * * * * * * * * * * * * * * * * * * //


226
(
4(1 47 139 93)
4(2 48 140 94)
4(3 49 141 95)
4(4 50 142 96)
4(5 51 143 97)
4(6 52 144 98)
4(7 53 145 99)
4(8 54 146 100)
4(9 55 147 101)
4(10 56 148 102)
4(11 57 149 103)
4(12 58 150 104)
4(13 59 151 105)
4(14 60 152 106)
4(15 61 153 107)
4(16 62 154 108)
4(17 63 155 109)
4(18 64 156 110)
4(19 65 157 111)
4(20 66 158 112)
4(21 67 159 113)
4(22 68 160 114)
4(23 69 161 115)
4(24 70 162 116)
4(25 71 163 117)
4(26 72 164 118)
4(27 73 165 119)
4(28 74 166 120)
4(29 75 167 121)
4(30 76 168 122)
4(31 77 169 123)
4(32 78 170 124)
4(33 79 171 125)
4(34 80 172 126)
4(35 81 173 127)
4(36 82 174 128)
4(37 83 175 129)
4(38 84 176 130)
4(39 85 177 131)
4(40 86 178 132)
4(41 87 179 133)
4(42 88 180 134)
4(43 89 181 135)
4(44 90 182 136)
4(0 92 138 46)
4(45 91 183 137)
4(0 46 47 1)
4(1 47 48 2)
4(2 48 49 3)
4(3 49 50 4)
4(4 50 51 5)
4(5 51 52 6)
4(6 52 53 7)
4(7 53 54 8)
4(8 54 55 9)
4(9 55 56 10)
4(10 56 57 11)
4(11 57 58 12)
4(12 58 59 13)
4(13 59 60 14)
4(14 60 61 15)
4(15 61 62 16)
4(16 62 63 17)
4(17 63 64 18)
4(18 64 65 19)
4(19 65 66 20)
4(20 66 67 21)
4(21 67 68 22)
4(22 68 69 23)
4(23 69 70 24)
4(24 70 71 25)
4(25 71 72 26)
4(26 72 73 27)
4(27 73 74 28)
4(28 74 75 29)
4(29 75 76 30)
4(30 76 77 31)
4(31 77 78 32)
4(32 78 79 33)
4(33 79 80 34)
4(34 80 81 35)
4(35 81 82 36)
4(36 82 83 37)
4(37 83 84 38)
4(38 84 85 39)
4(39 85 86 40)
4(40 86 87 41)
4(41 87 88 42)
4(42 88 89 43)
4(43 89 90 44)
4(44 90 91 45)
4(46 138 139 47)
4(47 139 140 48)
4(48 140 141 49)
4(49 141 142 50)
4(50 142 143 51)
4(51 143 144 52)
4(52 144 145 53)
4(53 145 146 54)
4(54 146 147 55)
4(55 147 148 56)
4(56 148 149 57)
4(57 149 150 58)
4(58 150 151 59)
4(59 151 152 60)
4(60 152 153 61)
4(61 153 154 62)
4(62 154 155 63)
4(63 155 156 64)
4(64 156 157 65)
4(65 157 158 66)
4(66 158 159 67)
4(67 159 160 68)
4(68 160 161 69)
4(69 161 162 70)
4(70 162 163 71)
4(71 163 164 72)
4(72 164 165 73)
4(73 165 166 74)
4(74 166 167 75)
4(75 167 168 76)
4(76 168 169 77)
4(77 169 170 78)
4(78 170 171 79)
4(79 171 172 80)
4(80 172 173 81)
4(81 173 174 82)
4(82 174 175 83)
4(83 175 176 84)
4(84 176 177 85)
4(85 177 178 86)
4(86 178 179 87)
4(87 179 180 88)
4(88 180 181 89)
4(89 181 182 90)
4(90 182 183 91)
4(0 1 93 92)
4(1 2 94 93)
4(2 3 95 94)
4(3 4 96 95)
4(4 5 97 96)
4(5 6 98 97)
4(6 7 99 98)
4(7 8 100 99)
4(8 9 101 100)
4(9 10 102 101)
4(10 11 103 102)
4(11 12 104 103)
4(12 13 105 104)
4(13 14 106 105)
4(14 15 107 106)
4(15 16 108 107)
4(16 17 109 108)
4(17 18 110 109)
4(18 19 111 110)
4(19 20 112 111)
4(20 21 113 112)
4(21 22 114 113)
4(22 23 115 114)
4(23 24 116 115)
4(24 25 117 116)
4(25 26 118 117)
4(26 27 119 118)
4(27 28 120 119)
4(28 29 121 120)
4(29 30 122 121)
4(30 31 123 122)
4(31 32 124 123)
4(32 33 125 124)
4(33 34 126 125)
4(34 35 127 126)
4(35 36 128 127)
4(36 37 129 128)
4(37 38 130 129)
4(38 39 131 130)
4(39 40 132 131)
4(40 41 133 132)
4(41 42 134 133)
4(42 43 135 134)
4(43 44 136 135)
4(44 45 137 136)
4(92 93 139 138)
4(93 94 140 139)
4(94 95 141 140)
4(95 96 142 141)
4(96 97 143 142)
4(97 98 144 143)
4(98 99 145 144)
4(99 100 146 145)
4(100 101 147 146)
4(101 102 148 147)
4(102 103 149 148)
4(103 104 150 149)
4(104 105 151 150)
4(105 106 152 151)
4(106 107 153 152)
4(107 108 154 153)
4(108 109 155 154)
4(109 110 156 155)
4(110 111 157 156)
4(111 112 158 157)
4(112 113 159 158)
4(113 114 160 159)
4(114 115 161 160)
4(115 116 162 161)
4(116 117 163 162)
4(117 118 164 163)
4(118 119 165 164)
4(119 120 166 165)
4(120 121 167 166)
4(121 122 168 167)
4(122 123 169 168)
4(123 124 170 169)
4(124 125 171 170)
4(125 126 172 171)
4(126 127 173 172)
4(127 128 174 173)
4(128 129 175 174)
4(129 130 176 175)
4(130 131 177 176)
4(131 132 178 177)
4(132 133 179 178)
4(133 134 180 179)
4(134 135 181 180)
4(135 136 182 181)
4(136 137 183 182)
)


// ************************************************************************* //
