/*--------------------------------*- C++ -*----------------------------------*\
  =========                 |
  \\      /  F ield         | OpenFOAM: The Open Source CFD Toolbox
   \\    /   O peration     | Website:  https://openfoam.org
    \\  /    A nd           | Version:  10
     \\/     M anipulation  |
\*---------------------------------------------------------------------------*/
FoamFile
{
    format      ascii;
    class       vectorField;
    location    "constant/polyMesh";
    object      points;
}
// * * * * * * * * * * * * * * * * * * * * * * * * * * * * * * * * * * * * * //


184
(
(0 0 0)
(0.02222222222 0 0)
(0.04444444444 0 0)
(0.06666666667 0 0)
(0.08888888889 0 0)
(0.1111111111 0 0)
(0.1333333333 0 0)
(0.1555555556 0 0)
(0.1777777778 0 0)
(0.2 0 0)
(0.2222222222 0 0)
(0.2444444444 0 0)
(0.2666666667 0 0)
(0.2888888889 0 0)
(0.3111111111 0 0)
(0.3333333333 0 0)
(0.3555555556 0 0)
(0.3777777778 0 0)
(0.4 0 0)
(0.4222222222 0 0)
(0.4444444444 0 0)
(0.4666666667 0 0)
(0.4888888889 0 0)
(0.5111111111 0 0)
(0.5333333333 0 0)
(0.5555555556 0 0)
(0.5777777778 0 0)
(0.6 0 0)
(0.6222222222 0 0)
(0.6444444444 0 0)
(0.6666666667 0 0)
(0.6888888889 0 0)
(0.7111111111 0 0)
(0.7333333333 0 0)
(0.7555555556 0 0)
(0.7777777778 0 0)
(0.8 0 0)
(0.8222222222 0 0)
(0.8444444444 0 0)
(0.8666666667 0 0)
(0.8888888889 0 0)
(0.9111111111 0 0)
(0.9333333333 0 0)
(0.9555555556 0 0)
(0.9777777778 0 0)
(1 0 0)
(0 0.1 0)
(0.02222222222 0.1 0)
(0.04444444444 0.1 0)
(0.06666666667 0.1 0)
(0.08888888889 0.1 0)
(0.1111111111 0.1 0)
(0.1333333333 0.1 0)
(0.1555555556 0.1 0)
(0.1777777778 0.1 0)
(0.2 0.1 0)
(0.2222222222 0.1 0)
(0.2444444444 0.1 0)
(0.2666666667 0.1 0)
(0.2888888889 0.1 0)
(0.3111111111 0.1 0)
(0.3333333333 0.1 0)
(0.3555555556 0.1 0)
(0.3777777778 0.1 0)
(0.4 0.1 0)
(0.4222222222 0.1 0)
(0.4444444444 0.1 0)
(0.4666666667 0.1 0)
(0.4888888889 0.1 0)
(0.5111111111 0.1 0)
(0.5333333333 0.1 0)
(0.5555555556 0.1 0)
(0.5777777778 0.1 0)
(0.6 0.1 0)
(0.6222222222 0.1 0)
(0.6444444444 0.1 0)
(0.6666666667 0.1 0)
(0.6888888889 0.1 0)
(0.7111111111 0.1 0)
(0.7333333333 0.1 0)
(0.7555555556 0.1 0)
(0.7777777778 0.1 0)
(0.8 0.1 0)
(0.8222222222 0.1 0)
(0.8444444444 0.1 0)
(0.8666666667 0.1 0)
(0.8888888889 0.1 0)
(0.9111111111 0.1 0)
(0.9333333333 0.1 0)
(0.9555555556 0.1 0)
(0.9777777778 0.1 0)
(1 0.1 0)
(0 0 0.001)
(0.02222222222 0 0.001)
(0.04444444444 0 0.001)
(0.06666666667 0 0.001)
(0.08888888889 0 0.001)
(0.1111111111 0 0.001)
(0.1333333333 0 0.001)
(0.1555555556 0 0.001)
(0.1777777778 0 0.001)
(0.2 0 0.001)
(0.2222222222 0 0.001)
(0.2444444444 0 0.001)
(0.2666666667 0 0.001)
(0.2888888889 0 0.001)
(0.3111111111 0 0.001)
(0.3333333333 0 0.001)
(0.3555555556 0 0.001)
(0.3777777778 0 0.001)
(0.4 0 0.001)
(0.4222222222 0 0.001)
(0.4444444444 0 0.001)
(0.4666666667 0 0.001)
(0.4888888889 0 0.001)
(0.5111111111 0 0.001)
(0.5333333333 0 0.001)
(0.5555555556 0 0.001)
(0.5777777778 0 0.001)
(0.6 0 0.001)
(0.6222222222 0 0.001)
(0.6444444444 0 0.001)
(0.6666666667 0 0.001)
(0.6888888889 0 0.001)
(0.7111111111 0 0.001)
(0.7333333333 0 0.001)
(0.7555555556 0 0.001)
(0.7777777778 0 0.001)
(0.8 0 0.001)
(0.8222222222 0 0.001)
(0.8444444444 0 0.001)
(0.8666666667 0 0.001)
(0.8888888889 0 0.001)
(0.9111111111 0 0.001)
(0.9333333333 0 0.001)
(0.9555555556 0 0.001)
(0.9777777778 0 0.001)
(1 0 0.001)
(0 0.1 0.001)
(0.02222222222 0.1 0.001)
(0.04444444444 0.1 0.001)
(0.06666666667 0.1 0.001)
(0.08888888889 0.1 0.001)
(0.1111111111 0.1 0.001)
(0.1333333333 0.1 0.001)
(0.1555555556 0.1 0.001)
(0.1777777778 0.1 0.001)
(0.2 0.1 0.001)
(0.2222222222 0.1 0.001)
(0.2444444444 0.1 0.001)
(0.2666666667 0.1 0.001)
(0.2888888889 0.1 0.001)
(0.3111111111 0.1 0.001)
(0.3333333333 0.1 0.001)
(0.3555555556 0.1 0.001)
(0.3777777778 0.1 0.001)
(0.4 0.1 0.001)
(0.4222222222 0.1 0.001)
(0.4444444444 0.1 0.001)
(0.4666666667 0.1 0.001)
(0.4888888889 0.1 0.001)
(0.5111111111 0.1 0.001)
(0.5333333333 0.1 0.001)
(0.5555555556 0.1 0.001)
(0.5777777778 0.1 0.001)
(0.6 0.1 0.001)
(0.6222222222 0.1 0.001)
(0.6444444444 0.1 0.001)
(0.6666666667 0.1 0.001)
(0.6888888889 0.1 0.001)
(0.7111111111 0.1 0.001)
(0.7333333333 0.1 0.001)
(0.7555555556 0.1 0.001)
(0.7777777778 0.1 0.001)
(0.8 0.1 0.001)
(0.8222222222 0.1 0.001)
(0.8444444444 0.1 0.001)
(0.8666666667 0.1 0.001)
(0.8888888889 0.1 0.001)
(0.9111111111 0.1 0.001)
(0.9333333333 0.1 0.001)
(0.9555555556 0.1 0.001)
(0.9777777778 0.1 0.001)
(1 0.1 0.001)
)


// ************************************************************************* //
